Type = 1
World = 0
Int = 0
eX = 0.0
eY = 0.0
eZ = 0.0
xX = -383.57940673
xY = 2851.52563476
xZ = 113.90103149
Icon = 0
Freeze = 0
