eX = 928.91595458
eY = -1352.90551757
eZ = 13.34375000
Name = Cluckin Bell
xX = 364.97363281
xY = -11.36174964
xZ = 1001.85156250
Int = 9
World = 1
Icon = 14
Rest = 1
