eX = 2420.05126953
eY = -1508.99511718
eZ = 24.00000000
Icon = 14
Name = Cluckin Bell
World = 5
xX = 364.90243530
xY = -11.62463855
xZ = 1001.85156250
Int = 9
Rest = 1
