eX = 810.62878417
eY = -1616.24060058
eZ = 13.54687500
Name = Burger Shot
Icon = 10
xX = 363.25155639
xY = -74.88385772
xZ = 1001.50781250
Int = 10
World = 1
Rest = 1
