eX = 1199.30139160
eY = -918.13867187
eZ = 43.12294387
Name = Burger Shot
Icon = 10
xX = 363.25155639
xY = -74.88385772
xZ = 1001.50781250
Int = 10
World = 2
Rest = 1
