eX = 2229.87646484
eY = -1721.36975097
eZ = 13.56239795
Name = Ganton Gym
Icon = 54
xX = 772.16491699
xY = -5.08285951
xZ = 1000.72839355
Int = 5
World = 1
Rest = 1
