eX = 1833.61950683
eY = -1842.52734375
eZ = 13.57812500
xX = -25.90756225
xY = -188.08113098
xZ = 1003.54687500
Int = 17
World = 1
Name = 24/7
Icon = 17
