eX = 1352.38793945
eY = -1759.19055175
eZ = 13.50781250
Name = 24/7
Icon = 17
xX = -25.85636901
xY = -187.89056396
xZ = 1003.54687500
Int = 17
World = 532
