eX = 1315.37951660
eY = -897.84857177
eZ = 39.57812500
Name = 24/7
Icon = 17
xX = -25.85636901
xY = -187.89056396
xZ = 1003.54687500
Int = 17
World = 91
