eX = 2451.10815429
eY = -1745.27868652
eZ = 13.88934993
Name = 24/7
Icon = 17
xX = -25.82981491
xY = -187.96575927
xZ = 1003.54687500
Int = 17
World = 8
Freeze = 1
