eX = 1368.77441406
eY = -1279.73889160
eZ = 13.54687500
Name = Ammunation
xX = 315.74081420
xY = -143.53761291
xZ = 999.60156250
Int = 7
World = 2
Icon = 6
Rest = 1
