eX = 1555.50158691
eY = -1675.57006835
eZ = 16.19531250
Name = LSPD
Type = 0
World = 0
Int = 1
Freeze = 1
xX = 126.18787384
xY = 1139.24011230
xZ = 527.46514892
Icon = 30
