eX = 1145.02465820
eY = -1329.42663574
eZ = 13.58287620
Name = Hospital Back
Freeze = 1
xX = 2043.32727050
xY = -1352.29138183
xZ = 1271.48596191
Int = 1
