eX = 1568.63586425
eY = -1689.97570800
eZ = 6.21875000
Name = Armoury
Type = 1
xX = 316.45019531
xY = -169.92115783
xZ = 999.60101318
Int = 6
