eX = 1524.48535156
eY = -1677.89221191
eZ = 6.21875000
Name = LSPD
Freeze = 1
xX = 125.24353790
xY = 1111.57421875
xZ = 523.91546630
Int = 1
