eX = 2233.29296875
eY = -1159.78771972
eZ = 25.89062500
Name = J-Motel
xX = 2214.71362304
xY = -1150.48303222
xZ = 1025.79687500
Int = 15
