eX = 2244.39184570
eY = -1665.48828125
eZ = 15.47656250
Name = Binco
xX = 207.78147888
xY = -111.11634063
xZ = 1005.13281250
Int = 15
