eX = 2026.70544433
eY = -1800.26513671
eZ = 13.59751129
Name = Clothes Shop
xX = 204.39218139
xY = -168.49198913
xZ = 1000.52343750
Int = 14
Freeze = 1
Rest = 1
