eX = 2057.78784179
eY = -1785.19299316
eZ = 13.59751129
Name = Sex Shop
xX = -100.42521667
xY = -24.83752059
xZ = 1000.71875000
Int = 3
Freeze = 1
Rest = 1
