eX = 1940.00488281
eY = -2116.02612304
eZ = 13.69531250
Name = Sex Shop
xX = -100.42521667
xY = -24.83752059
xZ = 1000.71875000
Int = 3
World = 142
