eX = 2371.32299804
eY = -1779.30322265
eZ = 13.54686260
Freeze = 1
Name = Complex
World = 0
xX = -300.49472045
xY = 1015.18939208
xZ = 1001.09814453
Int = 0
