eX = 1558.08312988
eY = -1675.48852539
eZ = 28.39545249
Name = Rooftop
Freeze = 1
xX = 112.04891204
xY = 1098.95947265
xZ = 531.24176025
Int = 1
World = 0
