eX = 1172.07690429
eY = -1325.36914062
eZ = 15.40743827
Name = Hospital
World = 0
Int = 1
Freeze = 1
xX = 2043.15637207
xY = -1325.90661621
xZ = 1271.48596191
Icon = 22
