eX = 1871.20996093
eY = -2020.00756835
eZ = 13.54687500
Name = Complex
Freeze = 1
World = 30
xX = -725.77264404
xY = 1674.42480468
xZ = 1012.72161865
Int = 0
