eX = 2755.71264648
eY = -1401.10375976
eZ = 39.37655639
Name = Complex
Freeze = 1
World = 31
xX = -725.83233642
xY = 1674.50244140
xZ = 1012.72161865
Int = 0
