eX = 816.25323486
eY = -1386.08496093
eZ = 13.59663772
Name = RLS
xX = 1513.21923828
xY = -2605.22607421
xZ = 701.08593750
Int = 1
World = 0
Freeze = 1
