eX = 1788.70556640
eY = -1298.64208984
eZ = 13.37500000
Name = San News
Freeze = 1
xX = 1573.55688476
xY = -834.90295410
xZ = 879.90979003
Int = 1
World = 1
