eX = 2050.18750000
eY = -1765.37915039
eZ = 13.59751129
Name = Cluckin Bell
Freeze = 1
xX = 364.97592163
xY = -11.59870243
xZ = 1001.85156250
Int = 9
World = 2
Rest = 1
