eX = 2057.78930664
eY = -1774.46997070
eZ = 13.59751129
Name = Strip Club
xX = 1204.71997070
xY = -13.83300018
xZ = 1000.93194580
Int = 2
Freeze = 1
Rest = 1
