eX = 2004.30566406
eY = -1800.33837890
eZ = 13.59751129
Name = 24/7
xX = -25.82794380
xY = -188.24534606
xZ = 1003.54687500
Int = 17
Freeze = 1
World = 4
