eX = 1982.43054199
eY = -1774.90136718
eZ = 13.59751129
Name = Idlewood Bar
Freeze = 1
xX = 502.03048706
xY = -67.82781982
xZ = 998.75781250
Int = 11
Rest = 1
