eX = 1693.66088867
eY = 1444.91149902
eZ = 31.14021110
