eX = 1015.27600097
eY = -1558.72033691
eZ = 14.85937500
xX = 986.79547119
xY = -1553.66589355
xZ = 21.50781250
Int = 0
Name = Biz Network
