eX = 1465.70800781
eY = -1009.92181396
eZ = 26.84375000
Type = 1
Freeze = 1
Name = Bank
World = 1
Int = 1
xX = -1373.95214843
xY = 0.49925187
xZ = 14.28593730
Rest = 1
