eX = 2000.93408203
eY = -1765.38562011
eZ = 13.59751129
xX = -2240.61743164
xY = 137.04177856
xZ = 1035.41406250
Int = 6
Freeze = 1
Name = Warehouse
Rest = 1
