eX = -206.78511047
eY = 1087.03283691
eZ = 19.74218750
xX = 2530.07202148
xY = -1293.99108886
xZ = 1031.42187500
Int = 2
Name = OGP
