eX = 2233.97558593
eY = -1332.38171386
eZ = 23.98133850
Name = Church
World = 1
xX = 2824.73120117
xY = 1069.82971191
xZ = -63.34129333
Int = 1
Freeze = 1
