eX = 2612.21655273
eY = -1391.11706542
eZ = 34.72782135
xX = 965.37860107
xY = 2108.05737304
xZ = 1011.03027343
Int = 1
Name = WAREHOUSE
