eX = 2423.74560546
eY = -1972.19042968
eZ = 13.54687500
Type = 1
xX = 363.27581787
xY = -74.75956726
xZ = 1001.50781250
Int = 10
Name = Burger Shot
Icon = 10
