eX = -383.57940673
eY = 2851.52563476
eZ = 113.90103149
Name = LSFD HQ
World = 0
xX = -13.80846595
xY = -13.40311145
xZ = 10000.08593750
Int = 1
Freeze = 1
