eX = 1928.58215332
eY = -1776.34326171
eZ = 13.54687500
xX = -25.86971092
xY = -187.99951171
xZ = 1003.54687500
Int = 17
Name = 24/7
Icon = 17
