eX = 2105.48803710
eY = -1806.44323730
eZ = 13.55468750
Name = Pizza Stack
xX = 372.37808227
xY = -133.51179504
xZ = 1001.49218750
Int = 5
World = 1
Icon = 29
Rest = 1
