eX = 2398.51538085
eY = -1899.20080566
eZ = 13.54687500
Name = Cluckin Bell
Icon = 14
xX = 364.97592163
xY = -11.59870243
xZ = 1001.85156250
Int = 9
World = 0
Rest = 1
