eX = 2400.43896484
eY = -1981.99523925
eZ = 13.54687500
Name = Ammunation
Icon = 6
xX = 296.88525390
xY = -111.93405914
xZ = 1001.51562500
Int = 6
World = 1
Rest = 1
