eX = 1482.66015625
eY = -1772.31359863
eZ = 18.79575538
Name = City Hall
World = 1
Int = 3
Freeze = 1
xX = 440.78570556
xY = 216.18673706
xZ = 1075.93286132
