Object=3
X=-670.578247
Y=967.133361
Z=13.632807
A=270.111236
Status=0
PlacedBy=Jeremy_Berret
Password=1006
