Object=2
X=-693.465759
Y=966.367187
Z=13.735755
A=271.773864
Status=0
PlacedBy=Jeremy_Berret
Password=1006
