Object=1
X=321.739837
Y=-1187.925903
Z=72.566162
A=221.790756
Status=1
PlacedBy=Jeremy_Berret
Password=123
